pointodyssey:
        .
    └── pointodyssey/
        ├── train/
            ├── ani/
                ├── depths
                    ├── depth_00000.png
                    ├── depth_00001.png
                    ├── ...
                    ├── depth_01840.png
                ├── masks
                    ├── mask_00000.png
                    ├── mask_00001.png
                    ├── ...
                    ├── mask_01840.png
                ├── normals
                ├── rgbs
                ├── anno.npz
                ├── info.npz
                ├── scene_info.json
            ├── animal/
            ├── character/
            ├── ...
            ├── seminar_h52_3rd/
            ├── anni.mp4
            ├── animal.mp4
            ├── ...
            └──  seminar_h52_3rd.mp4
        └── test/
    """
anno_Key: trajs_2d
anno_shape: (849, 11721, 2)
anno_Value: [[[ 849.5    141.5  ]
  [ 851.     141.25 ]
  [ 851.     141.125]
  ...
  [  68.     274.75 ]
  [-144.5    454.5  ]
  [ 596.     216.   ]]

 [[ 850.5    137.75 ]
  [ 852.     137.5  ]
  [ 852.     137.25 ]
  ...
  [  68.     274.5  ]
  [-144.5    454.5  ]
  [ 596.     216.   ]]

 [[ 852.     133.5  ]
  [ 854.     133.25 ]
  [ 853.5    133.125]
  ...
  [  68.     274.5  ]
  [-144.5    454.5  ]
  [ 596.     215.875]]

 ...

 [[ 175.25   576.5  ]
  [ 172.875  576.5  ]
  [ 173.75   575.   ]
  ...
  [ 730.5    228.5  ]
  [ 522.5    211.875]
  [1153.     757.   ]]

 [[ 171.75   574.5  ]
  [ 169.375  575.   ]
  [ 170.125  573.5  ]
  ...
  [ 730.5    228.5  ]
  [ 522.5    211.875]
  [1153.     757.   ]]

 [[ 168.75   575.   ]
  [ 166.375  575.   ]
  [ 167.125  573.5  ]
  ...
  [ 730.5    228.5  ]
  [ 522.5    211.875]
  [1153.     757.   ]]]
------------------------------
anno_Key: trajs_3d
anno_shape: (849, 11721, 3)
anno_Value: [[[-1.6289062   1.3346355  -1.6835938 ]
  [-1.6328125   1.3359375  -1.6914062 ]
  [-1.6276042   1.3372396  -1.6914062 ]
  ...
  [ 2.045573    0.          3.25      ]
  [ 3.2760417   0.          0.98763025]
  [-3.106771    0.          1.264974  ]]

 [[-1.6354167   1.358073   -1.6848959 ]
  [-1.639323    1.359375   -1.6914062 ]
  [-1.6328125   1.3606771  -1.6927084 ]
  ...
  [ 2.045573    0.          3.25      ]
  [ 3.2760417   0.          0.98763025]
  [-3.106771    0.          1.264974  ]]

 [[-1.6432292   1.3828125  -1.6848959 ]
  [-1.6458334   1.3854167  -1.6927084 ]
  [-1.640625    1.3867188  -1.6940105 ]
  ...
  [ 2.045573    0.          3.25      ]
  [ 3.2760417   0.          0.98763025]
  [-3.106771    0.          1.264974  ]]

 ...

 [[-1.78125     0.28059897 -2.1041667 ]
  [-1.779948    0.28157553 -2.1132812 ]
  [-1.7747396   0.28157553 -2.1106772 ]
  ...
  [ 2.045573    0.          3.25      ]
  [ 3.2760417   0.          0.98763025]
  [-3.106771    0.          1.264974  ]]

 [[-1.7851562   0.29752606 -2.1132812 ]
  [-1.7838542   0.29882812 -2.122396  ]
  [-1.7786459   0.29915366 -2.1197917 ]
  ...
  [ 2.045573    0.          3.25      ]
  [ 3.2760417   0.          0.98763025]
  [-3.106771    0.          1.264974  ]]

 [[-1.7903646   0.30533856 -2.122396  ]
  [-1.7903646   0.30696616 -2.1302085 ]
  [-1.7838542   0.30745444 -2.1289062 ]
  ...
  [ 2.045573    0.          3.25      ]
  [ 3.2760417   0.          0.98763025]
  [-3.106771    0.          1.264974  ]]]
------------------------------
anno_Key: valids
anno_shape: (849, 11721)
anno_Value: [[ True  True  True ...  True  True  True]
 [ True  True  True ...  True  True  True]
 [ True  True  True ...  True  True  True]
 ...
 [ True  True  True ...  True  True  True]
 [ True  True  True ...  True  True  True]
 [ True  True  True ...  True  True  True]]
------------------------------
anno_Key: visibs
anno_shape: (849, 11721)
anno_Value: [[ True  True  True ...  True False False]
 [ True  True  True ...  True False False]
 [ True  True  True ...  True False False]
 ...
 [False False False ...  True  True False]
 [False False False ...  True  True False]
 [False False False ...  True  True False]]
------------------------------
anno_Key: intrinsics
anno_shape: (849, 3, 3)
anno_Value: [[[576.   0. 480.]
  [  0. 576. 270.]
  [  0.   0.   1.]]

 [[576.   0. 480.]
  [  0. 576. 270.]
  [  0.   0.   1.]]

 [[576.   0. 480.]
  [  0. 576. 270.]
  [  0.   0.   1.]]

 ...

 [[576.   0. 480.]
  [  0. 576. 270.]
  [  0.   0.   1.]]

 [[576.   0. 480.]
  [  0. 576. 270.]
  [  0.   0.   1.]]

 [[576.   0. 480.]
  [  0. 576. 270.]
  [  0.   0.   1.]]]
------------------------------
anno_Key: extrinsics
anno_shape: (849, 4, 4)
anno_Value: [[[-7.3583984e-01 -5.9604645e-08 -6.7724609e-01  8.9903676e-07]
  [ 2.3535156e-01 -9.3750000e-01 -2.5561523e-01  3.9062500e-01]
  [-6.3525391e-01 -3.4741211e-01  6.8994141e-01  4.2369795e+00]
  [ 0.0000000e+00  0.0000000e+00  0.0000000e+00  1.0000000e+00]]

 [[-7.3583984e-01 -1.1920929e-07 -6.7724609e-01 -1.8616518e-05]
  [ 2.3547363e-01 -9.3750000e-01 -2.5561523e-01  3.9062500e-01]
  [-6.3525391e-01 -3.4765625e-01  6.8994141e-01  4.2369795e+00]
  [ 0.0000000e+00  0.0000000e+00  0.0000000e+00  1.0000000e+00]]

 [[-7.3583984e-01 -1.1920929e-07 -6.7724609e-01 -7.7446304e-05]
  [ 2.3571777e-01 -9.3750000e-01 -2.5610352e-01  3.9062500e-01]
  [-6.3476562e-01 -3.4814453e-01  6.8994141e-01  4.2369795e+00]
  [ 0.0000000e+00  0.0000000e+00  0.0000000e+00  1.0000000e+00]]

 ...

 [[-2.3767090e-01  1.7881393e-07  9.7119141e-01  3.8183594e-01]
  [-3.9086914e-01 -9.1552734e-01 -9.5642090e-02  6.0481775e-01]
  [ 8.8916016e-01 -4.0234375e-01  2.1752930e-01  4.4973960e+00]
  [ 0.0000000e+00  0.0000000e+00  0.0000000e+00  1.0000000e+00]]

 [[-2.3767090e-01  1.7881393e-07  9.7119141e-01  3.8183594e-01]
  [-3.9086914e-01 -9.1552734e-01 -9.5642090e-02  6.0481775e-01]
  [ 8.8916016e-01 -4.0234375e-01  2.1752930e-01  4.4973960e+00]
  [ 0.0000000e+00  0.0000000e+00  0.0000000e+00  1.0000000e+00]]

 [[-2.3767090e-01  1.7881393e-07  9.7119141e-01  3.8183594e-01]
  [-3.9086914e-01 -9.1552734e-01 -9.5642090e-02  6.0481775e-01]
  [ 8.8916016e-01 -4.0234375e-01  2.1752930e-01  4.4973960e+00]
  [ 0.0000000e+00  0.0000000e+00  0.0000000e+00  1.0000000e+00]]]
------------------------------
info_Key: trajs_2d
info_Value: [  849 11721     2]
------------------------------
info_Key: trajs_3d
info_Value: [  849 11721     3]
------------------------------
info_Key: valids
info_Value: [  849 11721]
------------------------------
info_Key: visibs
info_Value: [  849 11721]
------------------------------
info_Key: intrinsics
info_Value: [849   3   3]
------------------------------
info_Key: extrinsics
info_Value: [849   4   4]
------------------------------